[119.213565, 34.590563],
[117.348651, 34.867114],
[116.392071, 34.999642],
[115.945735, 35.042326],
[115.482155, 35.066746],
[115.124223, 35.015648],
[114.677887, 34.91961],
[114.12806, 34.844913],
[113.547228, 34.790404],
[112.763186, 34.78681],
[111.798219, 34.747338],
[111.191301, 34.727531],
[110.472011, 34.627562],
[109.929922, 34.482994],
[109.477122, 34.37449],
[109.218377, 34.338039],
[108.923181, 34.352802],
[108.506829, 34.610151],
[108.189867, 34.759545],
[107.795282, 34.906166],
[106.542507, 35.426074],
[105.311332, 35.785054],
[103.875069, 36.082328],
[101.854267, 37.310325],
[99.79683, 38.326859],
[95.92611, 39.475851],
[91.65219, 40.286891],
[87.13635, 40.962795],
[85.199313, 41.193524],
[81.894814, 41.435915],
[78.69778, 41.54341],
[77.249715, 41.473709],
[75.646749, 41.357297],
[74.963135, 41.205528],
[74.27807, 40.862539],
[73.673878, 40.445395],
[72.428494, 39.649919],
[71.294086, 39.077559],
[69.91307, 38.359683],
[68.87731, 37.855231],
[67.52239, 37.27764],
[64.56261, 36.35081],
[62.528203, 35.78854],
[60.500623, 35.488884],
[57.616959, 35.451428],
[51.42277, 35.6961],
[43.514057, 36.906262],
[38.197285, 38.029939],
[34.097065, 39.649986],
[32.429986, 41.0545],
[31.528809, 42.263058],
[31.123305, 43.308282],
[30.762826, 44.946564],
[30.807882, 47.441956],
[31.44453, 49.78783],
[32.38489, 51.654964],
[34.097065, 53.33593],
[37.620277, 55.754166],
[32.673854, 54.314556],
[30.14995, 53.676124],
[27.222206, 53.037692],
[23.688734, 52.46646],
[20.86195, 52.096828],
[17.126558, 51.828012],
[14.754078, 51.660012],
[12.482558, 51.660012],
[9.554814, 51.727212],
[6.67231, 51.91539],
[119.280025, 26.0944],
[118.73987, 24.889068],
[118.46279, 24.03369],
[118.320338, 23.730406],
[118.031781, 23.324281],
[117.499514, 23.03073],
[116.970538, 22.790042],
[116.526686, 22.655704],
[116.005701, 22.522553],
[115.462655, 22.498976],
[114.93676, 22.52945],
[114.416871, 22.644508],
[113.93767, 22.8281],
[113.63461, 23.00486],
[113.504843, 23.041924],
[113.35523, 23.02803],
[113.279877, 22.913184],
[113.21466, 22.75849],
[112.83371, 21.97181],
[112.490633, 21.270996],
[112.112265, 20.915268],
[111.709497, 20.628392],
[111.05042, 20.26119],
[110.27909, 19.96086],
[109.19802, 20.208261],
[108.334884, 20.632693],
[107.521076, 20.844917],
[106.707265, 20.844918],
[105.930441, 20.80955],
[104.980993, 20.656278],
[104.080865, 20.485463],
[103.636969, 20.263335],
[103.230061, 19.830767],
[103.069761, 19.211143],
[103.131417, 18.626591],
[103.698621, 17.691307],
[104.537093, 17.071685],
[105.480947, 15.646748],
[105.480947, 13.94584],
[104.049842, 8.521342],
[103.491138, 6.145638],
[103.123586, 4.811142],
[102.895689, 4.092566],
[102.608985, 3.520638],
[102.403149, 3.242006],
[102.270827, 3.121021],
[102.144024, 3.042791],
[102.545336, 2.822987],
[102.778352, 2.616115],
[102.925091, 2.382804],
[106.829606, -5.93061],
[106.827492, -6.172472],
[102.144024, 3.042791],
[102.008095, 2.997539],
[101.844452, 2.992703],
[101.770939, 3.003702],
[101.632675, 3.042793],
[101.393183, 3.150278],
[101.056603, 3.320779],
[100.791219, 3.456539],
[100.566191, 3.637223],
[100.184432, 4.07142],
[99.521438, 4.640917],
[97.639518, 6.680997],
[96.169262, 8.691925],
[95.11067, 10.265701],
[93.75803, 12.626357],
[90.997353, 17.705202],
[89.483911, 21.230402],
[89.093351, 21.896618],
[88.8897, 22.18378],
[88.629559, 22.31013],
[88.629559, 22.31013],
[86.701178, 9.786152],
[86.310072, 7.832976],
[85.578298, 5.14716],
[84.836824, 3.445936],
[84.836824, 3.445936],
[83.771901, 1.612883],
[82.491656, 0.05048],
[80.354493, -1.724973],
[78.492872, -2.653864],
[76.546493, -3.346221],
[74.794736, -3.855792],
[72.543165, -4.204525],
[65.720736, -4.375752],
[55.165824, -4.080744],
[49.493792, -3.589064],
[42.933952, -2.654872],
[36.812777, -1.273333],
[50.376199, 12.637853],
[48.280177, 12.031436],
[47.201502, 11.786702],
[45.969201, 11.654076],
[45.158126, 11.641962],
[44.410636, 11.74847],
[43.67937, 11.918278],
[43.013293, 12.228448],
[42.314636, 13.228164],
[41.842163, 14.433642],
[41.34726, 15.345656],
[41.065079, 16.349586],
[40.762791, 17.41714],
[40.467207, 18.226864],
[40.191772, 18.866312],
[39.734944, 19.625809],
[39.170636, 20.575616],
[38.391365, 21.723655],
[36.617824, 24.484313],
[35.16675, 27.08117],
[33.957518, 29.173154],
[33.285728, 30.003209],
[31.350958, 31.953962],
[28.663776, 34.248505],
[24.713636, 37.018617],
[24.532252, 37.186201],
[24.34415, 37.359191],
[24.189636, 37.505151],
[24.105288, 37.644797],
[24.068296, 37.769901],
[24.025143, 37.865011],
[23.97589, 37.924053],
[23.920336, 37.967981],
[23.840606, 37.986723],
[23.778284, 37.990338],
[23.723562, 37.986723],
[23.659722, 37.972261],
[23.575079, 37.948083],
[23.513797, 37.924053],
[23.44356, 37.87691],
[23.365459, 37.742849],
[23.27667, 37.673373],
[23.16031, 37.62231],
[22.987862, 37.586599],
[22.73775, 37.58109],
[22.15616, 37.693547],
[21.2635, 37.98692],
[20.59225, 38.436],
[19.683611, 39.18073],
[18.45761, 40.23161],
[17.345947, 41.45805],
[16.697495, 41.977165],
[15.817467, 42.51173],
[15.258863, 42.856397],
[14.249295, 43.219557],
[13.391167, 43.601829],
[12.608751, 44.175237],
[11.876819, 44.748645],
[10.09358, 46.57625],
[8.309915, 48.459954],
[7.410795, 49.7272],
[6.60414, 51.5715],
[36.812777, -1.273333],
[45.008332, 3.03203],
[46.990343, 3.990677],
[48.763847, 5.492285],
[49.408775, 6.683213],
[50.322439, 9.013293],
[50.591175, 10.825565],
[50.376199, 12.637853],
[50.376199, 12.637853],
[52.525895, 13.362765],
[54.353223, 14.035901],
[55.750535, 14.967933],
[57.016012, 16.398987],
[58.867655, 19.006733],
[60.318727, 21.285021],
[61.676412, 23.579099],
[62.867388, 24.676091],
[64.058364, 25.074971],
[64.878316, 25.098766],
[66.388572, 24.576347],
[68.563388, 23.329819],
[70.479324, 21.833947],
[71.98102, 20.188507],
[73.229983, 18.508112],
[73.861342, 17.37432],
[75.765342, 13.412544],
[77.27875, 10.016752],
[78.273145, 8.206548],
[79.012985, 7.278084],
[79.530857, 6.91158],
[79.963934, 6.8096],
[80.554287, 6.928483],
[80.862553, 7.180348],
[81.331113, 7.815612],
[82.169593, 9.25718],
[84.406558, 13.318224],
[87.701959, 21.184458],
[87.946071, 21.758778],
[88.297836, 22.195264],
[88.629559, 22.31013]