[119.213565, 34.590563]
[117.348651, 34.867114]
[116.392071, 34.999642]
[115.945735, 35.042326]
[115.482155, 35.066746]
[115.124223, 35.015648]
[114.677887, 34.91961]
[114.12806, 34.844913]
[113.547228, 34.790404]
[112.763186, 34.78681]
[111.798219, 34.747338]
[111.191301, 34.727531]
[110.472011, 34.627562]
[109.929922, 34.482994]
[109.477122, 34.37449]
[109.218377, 34.338039]
[108.923181, 34.352802]
[108.506829, 34.610151]
[108.189867, 34.759545]
[107.795282, 34.906166]
[106.542507, 35.426074]
[105.311332, 35.785054]
[103.875069, 36.082328]
[101.854267, 37.310325]
[99.79683, 38.326859]
[95.92611, 39.475851]
[91.65219, 40.286891]
[87.13635, 40.962795]
[85.199313, 41.193524]
[81.894814, 41.435915]
[78.69778, 41.54341]
[77.249715, 41.473709]
[75.646749, 41.357297]
[74.963135, 41.205528]
[74.27807, 40.862539]
[73.673878, 40.445395]
[72.428494, 39.649919]
[71.294086, 39.077559]
[69.91307, 38.359683]
[68.87731, 37.855231]
[67.52239, 37.27764]
[64.56261, 36.35081]
[62.528203, 35.78854]
[60.500623, 35.488884]
[57.616959, 35.451428]
[51.42277, 35.6961]
[43.514057, 36.906262]
[38.197285, 38.029939]
[34.097065, 39.649986]
[32.429986, 41.0545]
[31.528809, 42.263058]
[31.123305, 43.308282]
[30.762826, 44.946564]
[30.807882, 47.441956]
[31.44453, 49.78783]
[32.38489, 51.654964]
[34.097065, 53.33593]
[37.620277, 55.754166]
[32.673854, 54.314556]
[30.14995, 53.676124]
[27.222206, 53.037692]
[23.688734, 52.46646]
[20.86195, 52.096828]
[17.126558, 51.828012]
[14.754078, 51.660012]
[12.482558, 51.660012]
[9.554814, 51.727212]
[6.923664, 51.922271]
[6.799616, 51.930805]
[6.730698, 51.937204]
[6.67231, 51.91539]
[6.668676, 51.845469]
[6.692794, 51.785733]
[7.410795, 49.7272]
[8.309915, 48.459954]
[10.09358, 46.57625]
[11.876819, 44.748645]
[12.608751, 44.175237]
[13.391167, 43.601829]
[14.249295, 43.219557]
[15.258863, 42.856397]
[15.817467, 42.51173]
[16.697495, 41.977165]
[17.345947, 41.45805]
[18.45761, 40.23161]
[19.683611, 39.18073]
[20.59225, 38.436]
[21.2635, 37.98692]
[22.15616, 37.693547]
[22.73775, 37.58109]
[22.987862, 37.586599]
[23.16031, 37.62231]
[23.27667, 37.673373]
[23.365459, 37.742849]
[23.44356, 37.87691]
[23.513797, 37.924053]
[23.575079, 37.948083]
[23.659722, 37.972261]
[23.723562, 37.986723]
[23.778284, 37.990338]
[23.840606, 37.986723]
[23.920336, 37.967981]
[23.97589, 37.924053]
[24.025143, 37.865011]
[24.068296, 37.769901]
[24.105288, 37.644797]
[24.189636, 37.505151]
[24.34415, 37.359191]
[24.532252, 37.186201]
[24.713636, 37.018617]
[28.663776, 34.248505]
[31.350958, 31.953962]
[33.285728, 30.003209]
[33.957518, 29.173154]
[35.16675, 27.08117]
[36.617824, 24.484313]
[38.391365, 21.723655]
[39.170636, 20.575616]
[39.734944, 19.625809]
[40.191772, 18.866312]
[40.467207, 18.226864]
[40.762791, 17.41714]
[41.065079, 16.349586]
[41.34726, 15.345656]
[41.842163, 14.433642]
[42.314636, 13.228164]
[43.013293, 12.228448]
[43.67937, 11.918278]
[44.410636, 11.74847]
[45.158126, 11.641962]
[45.969201, 11.654076]
[47.201502, 11.786702]
[48.280177, 12.031436]
[51.606497, 12.539517]
[52.009613, 12.509689]
[52.311937, 12.298829]
[52.576477, 11.950977]
[52.715041, 11.528637]
[52.702445, 11.206017]
[52.500893, 10.721801]
[52.211169, 10.180797]
[51.63169, 9.39098]
[49.767338, 6.743428]
[48.763847, 5.492285]
[46.990343, 3.990677]
[45.008332, 3.03203]
[36.812777, -1.273333]
[42.933952, -2.654872]
[49.493792, -3.589064]
[55.165824, -4.080744]
[65.720736, -4.375752]
[72.543165, -4.204525]
[74.794736, -3.855792]
[76.850868, -3.45804]
[79.42066, -2.710816]
[80.831508, -2.162848]
[81.990452, -1.465432]
[83.549789, -0.515559]
[84.830034, 1.046844]
[85.894957, 2.879897]
[86.636431, 4.581121]
[87.785044, 7.089928]
[88.490484, 9.234696]
[88.862479, 10.62039]
[89.170723, 11.768606]
[89.599027, 14.027678]
[89.800579, 15.637854]
[89.800564, 17.215256]
[89.372281, 19.435014]
[88.994361, 20.94907]
[88.629559, 22.31013]
[88.297836, 22.195264]
[88.05375, 21.67128]
[87.974011, 20.932409]
[87.822843, 20.047881]
[87.646491, 19.139449]
[87.470139, 18.278825]
[87.318971, 17.418201]
[87.069584, 16.39667]
[86.790976, 15.520894]
[86.385712, 14.57003]
[85.929808, 13.54411]
[85.524544, 12.643294]
[84.900353, 11.752431]
[84.295696, 10.867899]
[83.615457, 9.959463]
[82.645471, 9.002687]
[82.003888, 8.289382]
[81.370672, 7.688838]
[80.862553, 7.180348]
[80.554287, 6.928483]
[83.339963, 8.273846]
[86.531354, 9.811075]
[87.797786, 10.363587]
[88.862479, 10.62039]
[89.67209, 10.815667]
[91.495738, 11.021315]
[92.6115, 11.011605]
[93.72465, 10.945555]
[94.803372, 10.659557]
[95.750938, 10.162675]
[96.510785, 9.183203]
[97.447953, 7.952587]
[98.385114, 6.345251]
[99.398243, 4.435174]
[100.183425, 3.783547]
[100.791313, 3.507283]
[102.144024, 3.042791]
[102.144024, 3.042791]
[102.270827, 3.121021]
[102.403149, 3.242006]
[102.608985, 3.520638]
[102.895689, 4.092566]
[103.123586, 4.811142]
[103.491138, 6.145638]
[104.049842, 8.521342]
[105.480947, 13.94584]
[105.480947, 15.646748]
[104.537093, 17.071685]
[103.698621, 17.691307]
[103.131417, 18.626591]
[103.069761, 19.211143]
[103.230061, 19.830767]
[103.636969, 20.263335]
[104.080865, 20.485463]
[104.980993, 20.656278]
[105.930441, 20.80955]
[106.707265, 20.844918]
[107.521076, 20.844917]
[108.334884, 20.632693]
[109.19802, 20.208261]
[110.27909, 19.96086]
[111.05042, 20.26119]
[111.709497, 20.628392]
[112.112265, 20.915268]
[112.490633, 21.270996]
[112.83371, 21.97181]
[113.21466, 22.75849]
[113.279877, 22.913184]
[113.35523, 23.02803]
[113.504843, 23.041924]
[113.63461, 23.00486]
[113.93767, 22.8281]
[114.416871, 22.644508]
[114.93676, 22.52945]
[115.462655, 22.498976]
[116.005701, 22.522553]
[116.526686, 22.655704]
[116.970538, 22.790042]
[117.499514, 23.03073]
[118.031781, 23.324281]
[118.320338, 23.730406]
[118.46279, 24.03369]
[118.73987, 24.889068]
[119.280025, 26.0944]
[102.144024, 3.042791]
[102.545336, 2.822987]
[102.778352, 2.616115]
[102.925091, 2.382804]
[106.829606, -5.93061]
[106.827492, -6.172472]